9782070408276
9782070360024
9782266143776
9782841720392
9782841720538
9782842054052
9782266174008
9782070425280
9782070417537
9782266075008
9782266120197
9782070310951
9782070347575
9782070359554
9782070407620
9782253118558
9782070325917
9782070408627
9782070408832
9782915989076
9782290313220
9782290310137
9782207300015
9782290331378
9782757800232
9782277228752
9782277225737
9782277229759
9782266046497
9782277217541
9782290309650
9782277218258
9782277218913
9782290315323
9782264041937
9782080702920
9782501009485
9782226158529
9782253044918
9782253048855
9782253145066
9782207300053
9782844050939
9782841725120
9782207304815
9782746501720
9782266022910
9782847850321
9782915989304
9782265002173
9782355260070
9782731605600
9782290346112
9782207300084
9782070315611
9782757803172
9782207300893
9782207300923
9782207303573
9782266045742
9782848140957
9782070415694
9782020962018
9782020296786
9782258032903
9782265062245
9782265064126
9782070403349
9782905158697
9782070408146
9782070337910
9782070572670
9782253035572
9782253008811
9782757816899
9781841548722
9782221069509
9782266149150
9782743612283
9782352940227
9782847201611
9782070325160
9782020591911
9782253008361
9782290317426
9782290320365
9782843440830
9782290303603
9782290313237
9782290316290
9782290318454
9782290320211
9782290325520
9782207600511
9782207600535
9782207600528
9782207600504
9782266046374
9782290349229
9782757812877
9782020301046
9782020246408
9782290329535
9782266028967
9782743608774
9782253129660
9780711716117
9782266047708
9782266047692
9782266047685
9782070408108
9782266022477
9782266030366
9782266030960
9782844050304
9782070319398
9782743613266
9782266105705
9782070408283
9782070305308
9782070406494
9782277330011
9782266045759
9782266046381
9782207251072
9782070417223
9782020799126
9782812148828
9782070405664
9782070382569
9782070344581
9782070408016
9782070341726
9782266030953
9782207245910
9782070413584
9782266174121
9782070411993
9782842631123
9782265064782
9782070406388
9782702430873
9782020631334
9782070313716
9782266035163
9782258036994
9782258030329
9782070409655
9782070412020
9782707301413
9782221075340
9782266034715
9782070407750
9782266052733
9782070366965
9782253151531
9782757811610
9782070309818
9782207300947
9782911618550
9782266030212
9782266046503
9782266046510
9782070406364
9782914033121
9782266105606
9782266105590
9782905158857
9782207304389
9782070421145
9782070300150
9782740800324
9782265002098
9782265002180
9782265062238
9782290318195
9782290313183
9782290316108
9782290319956
9782290325704
9782290333518
9782277124849
9782264028815
9782910233068
9782290023501
9782266046367
9782253005629
9782020104821
9782070752447
9782757807255
9782290045794
9782290347126
9782841721481
9782265080201
9781841548760
5011921910212
9782904783654
9782070388455
9782842192501
