9782070310951
9782070408276
9782070360024
9782266143776
9782841720392
9782841720538
9782842054052
9782266174008
9782070425280
9782070417537
9782266075008
9782070408276
9782070360024
9782266143776
9782841720392
9782841720538
9782842054052
9782266174008
9782070425280
9782070417537
9782266075008
9782266120197
9782070310951
9782070347575
9782070359554
9782070407620
9782253118558
9782070325917
9782070408627
9782070408832
9782915989076
9782290313220
9782290310137
9782207300015
9782290331378
9782757800232
9782277228752
9782277225737
9782277229759
9782266046497
9782277217541